{
 "cells": [
  {
   "cell_type": "code",
   "execution_count": 1,
   "id": "0de48f02",
   "metadata": {},
   "outputs": [],
   "source": [
    "import pandas as pd\n",
    "import numpy as np"
   ]
  },
  {
   "cell_type": "code",
   "execution_count": 2,
   "id": "c892ab22",
   "metadata": {},
   "outputs": [],
   "source": [
    "# ! pip install pymysql"
   ]
  },
  {
   "cell_type": "code",
   "execution_count": 2,
   "id": "3752d10c",
   "metadata": {},
   "outputs": [],
   "source": [
    "# mysql에서 db 불러오기\n",
    "\n",
    "import pymysql\n",
    "user_rating = pymysql.connect(\n",
    "    user = 'root',\n",
    "    passwd = '',\n",
    "    host = 'localhost',\n",
    "    db = 'itemdb',\n",
    "    charset = 'utf8'\n",
    ")\n"
   ]
  },
  {
   "cell_type": "markdown",
   "id": "58ab7055",
   "metadata": {},
   "source": [
    "### CF 정확도 개선을 위한 신뢰도 가중 방법"
   ]
  },
  {
   "cell_type": "code",
   "execution_count": 3,
   "id": "0b2ce658",
   "metadata": {},
   "outputs": [
    {
     "ename": "FileNotFoundError",
     "evalue": "[Errno 2] No such file or directory: 'CollabDB.csv'",
     "output_type": "error",
     "traceback": [
      "\u001b[1;31m---------------------------------------------------------------------------\u001b[0m",
      "\u001b[1;31mFileNotFoundError\u001b[0m                         Traceback (most recent call last)",
      "\u001b[1;32mc:\\Users\\ji_07\\Desktop\\PSH\\Vibo\\Vibo\\server\\models\\UBCF.ipynb Cell 5\u001b[0m line \u001b[0;36m1\n\u001b[1;32m----> <a href='vscode-notebook-cell:/c%3A/Users/ji_07/Desktop/PSH/Vibo/Vibo/server/models/UBCF.ipynb#W4sZmlsZQ%3D%3D?line=0'>1</a>\u001b[0m rating_matrix \u001b[39m=\u001b[39m pd\u001b[39m.\u001b[39;49mread_csv(\u001b[39m'\u001b[39;49m\u001b[39mCollabDB.csv\u001b[39;49m\u001b[39m'\u001b[39;49m)\n\u001b[0;32m      <a href='vscode-notebook-cell:/c%3A/Users/ji_07/Desktop/PSH/Vibo/Vibo/server/models/UBCF.ipynb#W4sZmlsZQ%3D%3D?line=1'>2</a>\u001b[0m rating_matrix\n",
      "File \u001b[1;32mc:\\Users\\ji_07\\AppData\\Local\\Programs\\Python\\Python311\\Lib\\site-packages\\pandas\\io\\parsers\\readers.py:948\u001b[0m, in \u001b[0;36mread_csv\u001b[1;34m(filepath_or_buffer, sep, delimiter, header, names, index_col, usecols, dtype, engine, converters, true_values, false_values, skipinitialspace, skiprows, skipfooter, nrows, na_values, keep_default_na, na_filter, verbose, skip_blank_lines, parse_dates, infer_datetime_format, keep_date_col, date_parser, date_format, dayfirst, cache_dates, iterator, chunksize, compression, thousands, decimal, lineterminator, quotechar, quoting, doublequote, escapechar, comment, encoding, encoding_errors, dialect, on_bad_lines, delim_whitespace, low_memory, memory_map, float_precision, storage_options, dtype_backend)\u001b[0m\n\u001b[0;32m    935\u001b[0m kwds_defaults \u001b[39m=\u001b[39m _refine_defaults_read(\n\u001b[0;32m    936\u001b[0m     dialect,\n\u001b[0;32m    937\u001b[0m     delimiter,\n\u001b[1;32m   (...)\u001b[0m\n\u001b[0;32m    944\u001b[0m     dtype_backend\u001b[39m=\u001b[39mdtype_backend,\n\u001b[0;32m    945\u001b[0m )\n\u001b[0;32m    946\u001b[0m kwds\u001b[39m.\u001b[39mupdate(kwds_defaults)\n\u001b[1;32m--> 948\u001b[0m \u001b[39mreturn\u001b[39;00m _read(filepath_or_buffer, kwds)\n",
      "File \u001b[1;32mc:\\Users\\ji_07\\AppData\\Local\\Programs\\Python\\Python311\\Lib\\site-packages\\pandas\\io\\parsers\\readers.py:611\u001b[0m, in \u001b[0;36m_read\u001b[1;34m(filepath_or_buffer, kwds)\u001b[0m\n\u001b[0;32m    608\u001b[0m _validate_names(kwds\u001b[39m.\u001b[39mget(\u001b[39m\"\u001b[39m\u001b[39mnames\u001b[39m\u001b[39m\"\u001b[39m, \u001b[39mNone\u001b[39;00m))\n\u001b[0;32m    610\u001b[0m \u001b[39m# Create the parser.\u001b[39;00m\n\u001b[1;32m--> 611\u001b[0m parser \u001b[39m=\u001b[39m TextFileReader(filepath_or_buffer, \u001b[39m*\u001b[39;49m\u001b[39m*\u001b[39;49mkwds)\n\u001b[0;32m    613\u001b[0m \u001b[39mif\u001b[39;00m chunksize \u001b[39mor\u001b[39;00m iterator:\n\u001b[0;32m    614\u001b[0m     \u001b[39mreturn\u001b[39;00m parser\n",
      "File \u001b[1;32mc:\\Users\\ji_07\\AppData\\Local\\Programs\\Python\\Python311\\Lib\\site-packages\\pandas\\io\\parsers\\readers.py:1448\u001b[0m, in \u001b[0;36mTextFileReader.__init__\u001b[1;34m(self, f, engine, **kwds)\u001b[0m\n\u001b[0;32m   1445\u001b[0m     \u001b[39mself\u001b[39m\u001b[39m.\u001b[39moptions[\u001b[39m\"\u001b[39m\u001b[39mhas_index_names\u001b[39m\u001b[39m\"\u001b[39m] \u001b[39m=\u001b[39m kwds[\u001b[39m\"\u001b[39m\u001b[39mhas_index_names\u001b[39m\u001b[39m\"\u001b[39m]\n\u001b[0;32m   1447\u001b[0m \u001b[39mself\u001b[39m\u001b[39m.\u001b[39mhandles: IOHandles \u001b[39m|\u001b[39m \u001b[39mNone\u001b[39;00m \u001b[39m=\u001b[39m \u001b[39mNone\u001b[39;00m\n\u001b[1;32m-> 1448\u001b[0m \u001b[39mself\u001b[39m\u001b[39m.\u001b[39m_engine \u001b[39m=\u001b[39m \u001b[39mself\u001b[39;49m\u001b[39m.\u001b[39;49m_make_engine(f, \u001b[39mself\u001b[39;49m\u001b[39m.\u001b[39;49mengine)\n",
      "File \u001b[1;32mc:\\Users\\ji_07\\AppData\\Local\\Programs\\Python\\Python311\\Lib\\site-packages\\pandas\\io\\parsers\\readers.py:1705\u001b[0m, in \u001b[0;36mTextFileReader._make_engine\u001b[1;34m(self, f, engine)\u001b[0m\n\u001b[0;32m   1703\u001b[0m     \u001b[39mif\u001b[39;00m \u001b[39m\"\u001b[39m\u001b[39mb\u001b[39m\u001b[39m\"\u001b[39m \u001b[39mnot\u001b[39;00m \u001b[39min\u001b[39;00m mode:\n\u001b[0;32m   1704\u001b[0m         mode \u001b[39m+\u001b[39m\u001b[39m=\u001b[39m \u001b[39m\"\u001b[39m\u001b[39mb\u001b[39m\u001b[39m\"\u001b[39m\n\u001b[1;32m-> 1705\u001b[0m \u001b[39mself\u001b[39m\u001b[39m.\u001b[39mhandles \u001b[39m=\u001b[39m get_handle(\n\u001b[0;32m   1706\u001b[0m     f,\n\u001b[0;32m   1707\u001b[0m     mode,\n\u001b[0;32m   1708\u001b[0m     encoding\u001b[39m=\u001b[39;49m\u001b[39mself\u001b[39;49m\u001b[39m.\u001b[39;49moptions\u001b[39m.\u001b[39;49mget(\u001b[39m\"\u001b[39;49m\u001b[39mencoding\u001b[39;49m\u001b[39m\"\u001b[39;49m, \u001b[39mNone\u001b[39;49;00m),\n\u001b[0;32m   1709\u001b[0m     compression\u001b[39m=\u001b[39;49m\u001b[39mself\u001b[39;49m\u001b[39m.\u001b[39;49moptions\u001b[39m.\u001b[39;49mget(\u001b[39m\"\u001b[39;49m\u001b[39mcompression\u001b[39;49m\u001b[39m\"\u001b[39;49m, \u001b[39mNone\u001b[39;49;00m),\n\u001b[0;32m   1710\u001b[0m     memory_map\u001b[39m=\u001b[39;49m\u001b[39mself\u001b[39;49m\u001b[39m.\u001b[39;49moptions\u001b[39m.\u001b[39;49mget(\u001b[39m\"\u001b[39;49m\u001b[39mmemory_map\u001b[39;49m\u001b[39m\"\u001b[39;49m, \u001b[39mFalse\u001b[39;49;00m),\n\u001b[0;32m   1711\u001b[0m     is_text\u001b[39m=\u001b[39;49mis_text,\n\u001b[0;32m   1712\u001b[0m     errors\u001b[39m=\u001b[39;49m\u001b[39mself\u001b[39;49m\u001b[39m.\u001b[39;49moptions\u001b[39m.\u001b[39;49mget(\u001b[39m\"\u001b[39;49m\u001b[39mencoding_errors\u001b[39;49m\u001b[39m\"\u001b[39;49m, \u001b[39m\"\u001b[39;49m\u001b[39mstrict\u001b[39;49m\u001b[39m\"\u001b[39;49m),\n\u001b[0;32m   1713\u001b[0m     storage_options\u001b[39m=\u001b[39;49m\u001b[39mself\u001b[39;49m\u001b[39m.\u001b[39;49moptions\u001b[39m.\u001b[39;49mget(\u001b[39m\"\u001b[39;49m\u001b[39mstorage_options\u001b[39;49m\u001b[39m\"\u001b[39;49m, \u001b[39mNone\u001b[39;49;00m),\n\u001b[0;32m   1714\u001b[0m )\n\u001b[0;32m   1715\u001b[0m \u001b[39massert\u001b[39;00m \u001b[39mself\u001b[39m\u001b[39m.\u001b[39mhandles \u001b[39mis\u001b[39;00m \u001b[39mnot\u001b[39;00m \u001b[39mNone\u001b[39;00m\n\u001b[0;32m   1716\u001b[0m f \u001b[39m=\u001b[39m \u001b[39mself\u001b[39m\u001b[39m.\u001b[39mhandles\u001b[39m.\u001b[39mhandle\n",
      "File \u001b[1;32mc:\\Users\\ji_07\\AppData\\Local\\Programs\\Python\\Python311\\Lib\\site-packages\\pandas\\io\\common.py:863\u001b[0m, in \u001b[0;36mget_handle\u001b[1;34m(path_or_buf, mode, encoding, compression, memory_map, is_text, errors, storage_options)\u001b[0m\n\u001b[0;32m    858\u001b[0m \u001b[39melif\u001b[39;00m \u001b[39misinstance\u001b[39m(handle, \u001b[39mstr\u001b[39m):\n\u001b[0;32m    859\u001b[0m     \u001b[39m# Check whether the filename is to be opened in binary mode.\u001b[39;00m\n\u001b[0;32m    860\u001b[0m     \u001b[39m# Binary mode does not support 'encoding' and 'newline'.\u001b[39;00m\n\u001b[0;32m    861\u001b[0m     \u001b[39mif\u001b[39;00m ioargs\u001b[39m.\u001b[39mencoding \u001b[39mand\u001b[39;00m \u001b[39m\"\u001b[39m\u001b[39mb\u001b[39m\u001b[39m\"\u001b[39m \u001b[39mnot\u001b[39;00m \u001b[39min\u001b[39;00m ioargs\u001b[39m.\u001b[39mmode:\n\u001b[0;32m    862\u001b[0m         \u001b[39m# Encoding\u001b[39;00m\n\u001b[1;32m--> 863\u001b[0m         handle \u001b[39m=\u001b[39m \u001b[39mopen\u001b[39;49m(\n\u001b[0;32m    864\u001b[0m             handle,\n\u001b[0;32m    865\u001b[0m             ioargs\u001b[39m.\u001b[39;49mmode,\n\u001b[0;32m    866\u001b[0m             encoding\u001b[39m=\u001b[39;49mioargs\u001b[39m.\u001b[39;49mencoding,\n\u001b[0;32m    867\u001b[0m             errors\u001b[39m=\u001b[39;49merrors,\n\u001b[0;32m    868\u001b[0m             newline\u001b[39m=\u001b[39;49m\u001b[39m\"\u001b[39;49m\u001b[39m\"\u001b[39;49m,\n\u001b[0;32m    869\u001b[0m         )\n\u001b[0;32m    870\u001b[0m     \u001b[39melse\u001b[39;00m:\n\u001b[0;32m    871\u001b[0m         \u001b[39m# Binary mode\u001b[39;00m\n\u001b[0;32m    872\u001b[0m         handle \u001b[39m=\u001b[39m \u001b[39mopen\u001b[39m(handle, ioargs\u001b[39m.\u001b[39mmode)\n",
      "\u001b[1;31mFileNotFoundError\u001b[0m: [Errno 2] No such file or directory: 'CollabDB.csv'"
     ]
    }
   ],
   "source": [
    "rating_matrix = pd.read_csv('CollabDB.csv')\n",
    "rating_matrix"
   ]
  },
  {
   "cell_type": "code",
   "execution_count": 5,
   "id": "f205f1c1",
   "metadata": {},
   "outputs": [],
   "source": [
    "rm =rating_matrix.copy()"
   ]
  },
  {
   "cell_type": "code",
   "execution_count": 6,
   "id": "01e2b354",
   "metadata": {},
   "outputs": [],
   "source": [
    "rating_matrix.set_index(keys='UID', inplace=True)"
   ]
  },
  {
   "cell_type": "code",
   "execution_count": 7,
   "id": "e7f42d8c",
   "metadata": {},
   "outputs": [
    {
     "data": {
      "text/html": [
       "<div>\n",
       "<style scoped>\n",
       "    .dataframe tbody tr th:only-of-type {\n",
       "        vertical-align: middle;\n",
       "    }\n",
       "\n",
       "    .dataframe tbody tr th {\n",
       "        vertical-align: top;\n",
       "    }\n",
       "\n",
       "    .dataframe thead th {\n",
       "        text-align: right;\n",
       "    }\n",
       "</style>\n",
       "<table border=\"1\" class=\"dataframe\">\n",
       "  <thead>\n",
       "    <tr style=\"text-align: right;\">\n",
       "      <th>UID</th>\n",
       "      <th>2023052701</th>\n",
       "      <th>2023052702</th>\n",
       "      <th>2023052703</th>\n",
       "      <th>2023052704</th>\n",
       "      <th>2023052705</th>\n",
       "      <th>2023052706</th>\n",
       "      <th>2023052707</th>\n",
       "      <th>2023052708</th>\n",
       "      <th>2023052709</th>\n",
       "      <th>2023052710</th>\n",
       "      <th>2023052711</th>\n",
       "      <th>2023052712</th>\n",
       "      <th>2023052713</th>\n",
       "      <th>2023052714</th>\n",
       "      <th>2023052715</th>\n",
       "      <th>2023052716</th>\n",
       "      <th>2023052717</th>\n",
       "      <th>2023052718</th>\n",
       "      <th>2023052719</th>\n",
       "      <th>2023052720</th>\n",
       "    </tr>\n",
       "    <tr>\n",
       "      <th>UID</th>\n",
       "      <th></th>\n",
       "      <th></th>\n",
       "      <th></th>\n",
       "      <th></th>\n",
       "      <th></th>\n",
       "      <th></th>\n",
       "      <th></th>\n",
       "      <th></th>\n",
       "      <th></th>\n",
       "      <th></th>\n",
       "      <th></th>\n",
       "      <th></th>\n",
       "      <th></th>\n",
       "      <th></th>\n",
       "      <th></th>\n",
       "      <th></th>\n",
       "      <th></th>\n",
       "      <th></th>\n",
       "      <th></th>\n",
       "      <th></th>\n",
       "    </tr>\n",
       "  </thead>\n",
       "  <tbody>\n",
       "    <tr>\n",
       "      <th>2023052701</th>\n",
       "      <td>1.000000</td>\n",
       "      <td>0.733038</td>\n",
       "      <td>0.738995</td>\n",
       "      <td>0.735941</td>\n",
       "      <td>0.762387</td>\n",
       "      <td>0.741804</td>\n",
       "      <td>0.730896</td>\n",
       "      <td>0.755547</td>\n",
       "      <td>0.749769</td>\n",
       "      <td>0.754039</td>\n",
       "      <td>0.754998</td>\n",
       "      <td>0.749084</td>\n",
       "      <td>0.752360</td>\n",
       "      <td>0.741406</td>\n",
       "      <td>0.748805</td>\n",
       "      <td>0.752532</td>\n",
       "      <td>0.741792</td>\n",
       "      <td>0.756320</td>\n",
       "      <td>0.749026</td>\n",
       "      <td>0.765075</td>\n",
       "    </tr>\n",
       "    <tr>\n",
       "      <th>2023052702</th>\n",
       "      <td>0.733038</td>\n",
       "      <td>1.000000</td>\n",
       "      <td>0.745589</td>\n",
       "      <td>0.744875</td>\n",
       "      <td>0.738644</td>\n",
       "      <td>0.743252</td>\n",
       "      <td>0.737714</td>\n",
       "      <td>0.745536</td>\n",
       "      <td>0.741177</td>\n",
       "      <td>0.754970</td>\n",
       "      <td>0.760490</td>\n",
       "      <td>0.746398</td>\n",
       "      <td>0.750243</td>\n",
       "      <td>0.744782</td>\n",
       "      <td>0.753651</td>\n",
       "      <td>0.741996</td>\n",
       "      <td>0.744315</td>\n",
       "      <td>0.733209</td>\n",
       "      <td>0.745987</td>\n",
       "      <td>0.755238</td>\n",
       "    </tr>\n",
       "    <tr>\n",
       "      <th>2023052703</th>\n",
       "      <td>0.738995</td>\n",
       "      <td>0.745589</td>\n",
       "      <td>1.000000</td>\n",
       "      <td>0.744401</td>\n",
       "      <td>0.764161</td>\n",
       "      <td>0.758963</td>\n",
       "      <td>0.751733</td>\n",
       "      <td>0.765423</td>\n",
       "      <td>0.747167</td>\n",
       "      <td>0.745440</td>\n",
       "      <td>0.753261</td>\n",
       "      <td>0.748932</td>\n",
       "      <td>0.749107</td>\n",
       "      <td>0.732769</td>\n",
       "      <td>0.749393</td>\n",
       "      <td>0.749285</td>\n",
       "      <td>0.749101</td>\n",
       "      <td>0.742102</td>\n",
       "      <td>0.751831</td>\n",
       "      <td>0.737532</td>\n",
       "    </tr>\n",
       "    <tr>\n",
       "      <th>2023052704</th>\n",
       "      <td>0.735941</td>\n",
       "      <td>0.744875</td>\n",
       "      <td>0.744401</td>\n",
       "      <td>1.000000</td>\n",
       "      <td>0.750346</td>\n",
       "      <td>0.738938</td>\n",
       "      <td>0.737940</td>\n",
       "      <td>0.734064</td>\n",
       "      <td>0.738191</td>\n",
       "      <td>0.752317</td>\n",
       "      <td>0.763323</td>\n",
       "      <td>0.761290</td>\n",
       "      <td>0.756613</td>\n",
       "      <td>0.744487</td>\n",
       "      <td>0.736253</td>\n",
       "      <td>0.760188</td>\n",
       "      <td>0.771123</td>\n",
       "      <td>0.746414</td>\n",
       "      <td>0.755655</td>\n",
       "      <td>0.765558</td>\n",
       "    </tr>\n",
       "    <tr>\n",
       "      <th>2023052705</th>\n",
       "      <td>0.762387</td>\n",
       "      <td>0.738644</td>\n",
       "      <td>0.764161</td>\n",
       "      <td>0.750346</td>\n",
       "      <td>1.000000</td>\n",
       "      <td>0.748272</td>\n",
       "      <td>0.744188</td>\n",
       "      <td>0.763590</td>\n",
       "      <td>0.749795</td>\n",
       "      <td>0.764706</td>\n",
       "      <td>0.771416</td>\n",
       "      <td>0.756738</td>\n",
       "      <td>0.760085</td>\n",
       "      <td>0.736449</td>\n",
       "      <td>0.761082</td>\n",
       "      <td>0.740593</td>\n",
       "      <td>0.763927</td>\n",
       "      <td>0.752590</td>\n",
       "      <td>0.752890</td>\n",
       "      <td>0.755086</td>\n",
       "    </tr>\n",
       "    <tr>\n",
       "      <th>2023052706</th>\n",
       "      <td>0.741804</td>\n",
       "      <td>0.743252</td>\n",
       "      <td>0.758963</td>\n",
       "      <td>0.738938</td>\n",
       "      <td>0.748272</td>\n",
       "      <td>1.000000</td>\n",
       "      <td>0.724655</td>\n",
       "      <td>0.747899</td>\n",
       "      <td>0.719056</td>\n",
       "      <td>0.731094</td>\n",
       "      <td>0.746669</td>\n",
       "      <td>0.735391</td>\n",
       "      <td>0.737801</td>\n",
       "      <td>0.751910</td>\n",
       "      <td>0.738569</td>\n",
       "      <td>0.728421</td>\n",
       "      <td>0.745499</td>\n",
       "      <td>0.731601</td>\n",
       "      <td>0.746084</td>\n",
       "      <td>0.748115</td>\n",
       "    </tr>\n",
       "    <tr>\n",
       "      <th>2023052707</th>\n",
       "      <td>0.730896</td>\n",
       "      <td>0.737714</td>\n",
       "      <td>0.751733</td>\n",
       "      <td>0.737940</td>\n",
       "      <td>0.744188</td>\n",
       "      <td>0.724655</td>\n",
       "      <td>1.000000</td>\n",
       "      <td>0.727498</td>\n",
       "      <td>0.716311</td>\n",
       "      <td>0.745309</td>\n",
       "      <td>0.750415</td>\n",
       "      <td>0.735642</td>\n",
       "      <td>0.731369</td>\n",
       "      <td>0.738042</td>\n",
       "      <td>0.737033</td>\n",
       "      <td>0.748779</td>\n",
       "      <td>0.751157</td>\n",
       "      <td>0.744924</td>\n",
       "      <td>0.760415</td>\n",
       "      <td>0.734374</td>\n",
       "    </tr>\n",
       "    <tr>\n",
       "      <th>2023052708</th>\n",
       "      <td>0.755547</td>\n",
       "      <td>0.745536</td>\n",
       "      <td>0.765423</td>\n",
       "      <td>0.734064</td>\n",
       "      <td>0.763590</td>\n",
       "      <td>0.747899</td>\n",
       "      <td>0.727498</td>\n",
       "      <td>1.000000</td>\n",
       "      <td>0.736898</td>\n",
       "      <td>0.734942</td>\n",
       "      <td>0.757214</td>\n",
       "      <td>0.736007</td>\n",
       "      <td>0.737238</td>\n",
       "      <td>0.736271</td>\n",
       "      <td>0.746255</td>\n",
       "      <td>0.731425</td>\n",
       "      <td>0.749790</td>\n",
       "      <td>0.753462</td>\n",
       "      <td>0.742396</td>\n",
       "      <td>0.757445</td>\n",
       "    </tr>\n",
       "    <tr>\n",
       "      <th>2023052709</th>\n",
       "      <td>0.749769</td>\n",
       "      <td>0.741177</td>\n",
       "      <td>0.747167</td>\n",
       "      <td>0.738191</td>\n",
       "      <td>0.749795</td>\n",
       "      <td>0.719056</td>\n",
       "      <td>0.716311</td>\n",
       "      <td>0.736898</td>\n",
       "      <td>1.000000</td>\n",
       "      <td>0.742572</td>\n",
       "      <td>0.753367</td>\n",
       "      <td>0.732723</td>\n",
       "      <td>0.743745</td>\n",
       "      <td>0.746596</td>\n",
       "      <td>0.741725</td>\n",
       "      <td>0.731086</td>\n",
       "      <td>0.739104</td>\n",
       "      <td>0.720996</td>\n",
       "      <td>0.746040</td>\n",
       "      <td>0.739392</td>\n",
       "    </tr>\n",
       "    <tr>\n",
       "      <th>2023052710</th>\n",
       "      <td>0.754039</td>\n",
       "      <td>0.754970</td>\n",
       "      <td>0.745440</td>\n",
       "      <td>0.752317</td>\n",
       "      <td>0.764706</td>\n",
       "      <td>0.731094</td>\n",
       "      <td>0.745309</td>\n",
       "      <td>0.734942</td>\n",
       "      <td>0.742572</td>\n",
       "      <td>1.000000</td>\n",
       "      <td>0.762754</td>\n",
       "      <td>0.710322</td>\n",
       "      <td>0.756662</td>\n",
       "      <td>0.734245</td>\n",
       "      <td>0.739563</td>\n",
       "      <td>0.737465</td>\n",
       "      <td>0.749229</td>\n",
       "      <td>0.756700</td>\n",
       "      <td>0.760426</td>\n",
       "      <td>0.740677</td>\n",
       "    </tr>\n",
       "    <tr>\n",
       "      <th>2023052711</th>\n",
       "      <td>0.754998</td>\n",
       "      <td>0.760490</td>\n",
       "      <td>0.753261</td>\n",
       "      <td>0.763323</td>\n",
       "      <td>0.771416</td>\n",
       "      <td>0.746669</td>\n",
       "      <td>0.750415</td>\n",
       "      <td>0.757214</td>\n",
       "      <td>0.753367</td>\n",
       "      <td>0.762754</td>\n",
       "      <td>1.000000</td>\n",
       "      <td>0.764259</td>\n",
       "      <td>0.756240</td>\n",
       "      <td>0.748665</td>\n",
       "      <td>0.754732</td>\n",
       "      <td>0.756889</td>\n",
       "      <td>0.756349</td>\n",
       "      <td>0.754595</td>\n",
       "      <td>0.764040</td>\n",
       "      <td>0.746084</td>\n",
       "    </tr>\n",
       "    <tr>\n",
       "      <th>2023052712</th>\n",
       "      <td>0.749084</td>\n",
       "      <td>0.746398</td>\n",
       "      <td>0.748932</td>\n",
       "      <td>0.761290</td>\n",
       "      <td>0.756738</td>\n",
       "      <td>0.735391</td>\n",
       "      <td>0.735642</td>\n",
       "      <td>0.736007</td>\n",
       "      <td>0.732723</td>\n",
       "      <td>0.710322</td>\n",
       "      <td>0.764259</td>\n",
       "      <td>1.000000</td>\n",
       "      <td>0.747816</td>\n",
       "      <td>0.739370</td>\n",
       "      <td>0.753750</td>\n",
       "      <td>0.745152</td>\n",
       "      <td>0.741124</td>\n",
       "      <td>0.742149</td>\n",
       "      <td>0.753216</td>\n",
       "      <td>0.744710</td>\n",
       "    </tr>\n",
       "    <tr>\n",
       "      <th>2023052713</th>\n",
       "      <td>0.752360</td>\n",
       "      <td>0.750243</td>\n",
       "      <td>0.749107</td>\n",
       "      <td>0.756613</td>\n",
       "      <td>0.760085</td>\n",
       "      <td>0.737801</td>\n",
       "      <td>0.731369</td>\n",
       "      <td>0.737238</td>\n",
       "      <td>0.743745</td>\n",
       "      <td>0.756662</td>\n",
       "      <td>0.756240</td>\n",
       "      <td>0.747816</td>\n",
       "      <td>1.000000</td>\n",
       "      <td>0.740101</td>\n",
       "      <td>0.754070</td>\n",
       "      <td>0.748305</td>\n",
       "      <td>0.734941</td>\n",
       "      <td>0.749749</td>\n",
       "      <td>0.745310</td>\n",
       "      <td>0.758787</td>\n",
       "    </tr>\n",
       "    <tr>\n",
       "      <th>2023052714</th>\n",
       "      <td>0.741406</td>\n",
       "      <td>0.744782</td>\n",
       "      <td>0.732769</td>\n",
       "      <td>0.744487</td>\n",
       "      <td>0.736449</td>\n",
       "      <td>0.751910</td>\n",
       "      <td>0.738042</td>\n",
       "      <td>0.736271</td>\n",
       "      <td>0.746596</td>\n",
       "      <td>0.734245</td>\n",
       "      <td>0.748665</td>\n",
       "      <td>0.739370</td>\n",
       "      <td>0.740101</td>\n",
       "      <td>1.000000</td>\n",
       "      <td>0.749635</td>\n",
       "      <td>0.738104</td>\n",
       "      <td>0.742299</td>\n",
       "      <td>0.738742</td>\n",
       "      <td>0.754477</td>\n",
       "      <td>0.751603</td>\n",
       "    </tr>\n",
       "    <tr>\n",
       "      <th>2023052715</th>\n",
       "      <td>0.748805</td>\n",
       "      <td>0.753651</td>\n",
       "      <td>0.749393</td>\n",
       "      <td>0.736253</td>\n",
       "      <td>0.761082</td>\n",
       "      <td>0.738569</td>\n",
       "      <td>0.737033</td>\n",
       "      <td>0.746255</td>\n",
       "      <td>0.741725</td>\n",
       "      <td>0.739563</td>\n",
       "      <td>0.754732</td>\n",
       "      <td>0.753750</td>\n",
       "      <td>0.754070</td>\n",
       "      <td>0.749635</td>\n",
       "      <td>1.000000</td>\n",
       "      <td>0.744450</td>\n",
       "      <td>0.757494</td>\n",
       "      <td>0.745112</td>\n",
       "      <td>0.748932</td>\n",
       "      <td>0.748142</td>\n",
       "    </tr>\n",
       "    <tr>\n",
       "      <th>2023052716</th>\n",
       "      <td>0.752532</td>\n",
       "      <td>0.741996</td>\n",
       "      <td>0.749285</td>\n",
       "      <td>0.760188</td>\n",
       "      <td>0.740593</td>\n",
       "      <td>0.728421</td>\n",
       "      <td>0.748779</td>\n",
       "      <td>0.731425</td>\n",
       "      <td>0.731086</td>\n",
       "      <td>0.737465</td>\n",
       "      <td>0.756889</td>\n",
       "      <td>0.745152</td>\n",
       "      <td>0.748305</td>\n",
       "      <td>0.738104</td>\n",
       "      <td>0.744450</td>\n",
       "      <td>1.000000</td>\n",
       "      <td>0.755889</td>\n",
       "      <td>0.739342</td>\n",
       "      <td>0.760534</td>\n",
       "      <td>0.749079</td>\n",
       "    </tr>\n",
       "    <tr>\n",
       "      <th>2023052717</th>\n",
       "      <td>0.741792</td>\n",
       "      <td>0.744315</td>\n",
       "      <td>0.749101</td>\n",
       "      <td>0.771123</td>\n",
       "      <td>0.763927</td>\n",
       "      <td>0.745499</td>\n",
       "      <td>0.751157</td>\n",
       "      <td>0.749790</td>\n",
       "      <td>0.739104</td>\n",
       "      <td>0.749229</td>\n",
       "      <td>0.756349</td>\n",
       "      <td>0.741124</td>\n",
       "      <td>0.734941</td>\n",
       "      <td>0.742299</td>\n",
       "      <td>0.757494</td>\n",
       "      <td>0.755889</td>\n",
       "      <td>1.000000</td>\n",
       "      <td>0.756457</td>\n",
       "      <td>0.747598</td>\n",
       "      <td>0.748613</td>\n",
       "    </tr>\n",
       "    <tr>\n",
       "      <th>2023052718</th>\n",
       "      <td>0.756320</td>\n",
       "      <td>0.733209</td>\n",
       "      <td>0.742102</td>\n",
       "      <td>0.746414</td>\n",
       "      <td>0.752590</td>\n",
       "      <td>0.731601</td>\n",
       "      <td>0.744924</td>\n",
       "      <td>0.753462</td>\n",
       "      <td>0.720996</td>\n",
       "      <td>0.756700</td>\n",
       "      <td>0.754595</td>\n",
       "      <td>0.742149</td>\n",
       "      <td>0.749749</td>\n",
       "      <td>0.738742</td>\n",
       "      <td>0.745112</td>\n",
       "      <td>0.739342</td>\n",
       "      <td>0.756457</td>\n",
       "      <td>1.000000</td>\n",
       "      <td>0.746971</td>\n",
       "      <td>0.750564</td>\n",
       "    </tr>\n",
       "    <tr>\n",
       "      <th>2023052719</th>\n",
       "      <td>0.749026</td>\n",
       "      <td>0.745987</td>\n",
       "      <td>0.751831</td>\n",
       "      <td>0.755655</td>\n",
       "      <td>0.752890</td>\n",
       "      <td>0.746084</td>\n",
       "      <td>0.760415</td>\n",
       "      <td>0.742396</td>\n",
       "      <td>0.746040</td>\n",
       "      <td>0.760426</td>\n",
       "      <td>0.764040</td>\n",
       "      <td>0.753216</td>\n",
       "      <td>0.745310</td>\n",
       "      <td>0.754477</td>\n",
       "      <td>0.748932</td>\n",
       "      <td>0.760534</td>\n",
       "      <td>0.747598</td>\n",
       "      <td>0.746971</td>\n",
       "      <td>1.000000</td>\n",
       "      <td>0.757735</td>\n",
       "    </tr>\n",
       "    <tr>\n",
       "      <th>2023052720</th>\n",
       "      <td>0.765075</td>\n",
       "      <td>0.755238</td>\n",
       "      <td>0.737532</td>\n",
       "      <td>0.765558</td>\n",
       "      <td>0.755086</td>\n",
       "      <td>0.748115</td>\n",
       "      <td>0.734374</td>\n",
       "      <td>0.757445</td>\n",
       "      <td>0.739392</td>\n",
       "      <td>0.740677</td>\n",
       "      <td>0.746084</td>\n",
       "      <td>0.744710</td>\n",
       "      <td>0.758787</td>\n",
       "      <td>0.751603</td>\n",
       "      <td>0.748142</td>\n",
       "      <td>0.749079</td>\n",
       "      <td>0.748613</td>\n",
       "      <td>0.750564</td>\n",
       "      <td>0.757735</td>\n",
       "      <td>1.000000</td>\n",
       "    </tr>\n",
       "  </tbody>\n",
       "</table>\n",
       "</div>"
      ],
      "text/plain": [
       "UID         2023052701  2023052702  2023052703  2023052704  2023052705  \\\n",
       "UID                                                                      \n",
       "2023052701    1.000000    0.733038    0.738995    0.735941    0.762387   \n",
       "2023052702    0.733038    1.000000    0.745589    0.744875    0.738644   \n",
       "2023052703    0.738995    0.745589    1.000000    0.744401    0.764161   \n",
       "2023052704    0.735941    0.744875    0.744401    1.000000    0.750346   \n",
       "2023052705    0.762387    0.738644    0.764161    0.750346    1.000000   \n",
       "2023052706    0.741804    0.743252    0.758963    0.738938    0.748272   \n",
       "2023052707    0.730896    0.737714    0.751733    0.737940    0.744188   \n",
       "2023052708    0.755547    0.745536    0.765423    0.734064    0.763590   \n",
       "2023052709    0.749769    0.741177    0.747167    0.738191    0.749795   \n",
       "2023052710    0.754039    0.754970    0.745440    0.752317    0.764706   \n",
       "2023052711    0.754998    0.760490    0.753261    0.763323    0.771416   \n",
       "2023052712    0.749084    0.746398    0.748932    0.761290    0.756738   \n",
       "2023052713    0.752360    0.750243    0.749107    0.756613    0.760085   \n",
       "2023052714    0.741406    0.744782    0.732769    0.744487    0.736449   \n",
       "2023052715    0.748805    0.753651    0.749393    0.736253    0.761082   \n",
       "2023052716    0.752532    0.741996    0.749285    0.760188    0.740593   \n",
       "2023052717    0.741792    0.744315    0.749101    0.771123    0.763927   \n",
       "2023052718    0.756320    0.733209    0.742102    0.746414    0.752590   \n",
       "2023052719    0.749026    0.745987    0.751831    0.755655    0.752890   \n",
       "2023052720    0.765075    0.755238    0.737532    0.765558    0.755086   \n",
       "\n",
       "UID         2023052706  2023052707  2023052708  2023052709  2023052710  \\\n",
       "UID                                                                      \n",
       "2023052701    0.741804    0.730896    0.755547    0.749769    0.754039   \n",
       "2023052702    0.743252    0.737714    0.745536    0.741177    0.754970   \n",
       "2023052703    0.758963    0.751733    0.765423    0.747167    0.745440   \n",
       "2023052704    0.738938    0.737940    0.734064    0.738191    0.752317   \n",
       "2023052705    0.748272    0.744188    0.763590    0.749795    0.764706   \n",
       "2023052706    1.000000    0.724655    0.747899    0.719056    0.731094   \n",
       "2023052707    0.724655    1.000000    0.727498    0.716311    0.745309   \n",
       "2023052708    0.747899    0.727498    1.000000    0.736898    0.734942   \n",
       "2023052709    0.719056    0.716311    0.736898    1.000000    0.742572   \n",
       "2023052710    0.731094    0.745309    0.734942    0.742572    1.000000   \n",
       "2023052711    0.746669    0.750415    0.757214    0.753367    0.762754   \n",
       "2023052712    0.735391    0.735642    0.736007    0.732723    0.710322   \n",
       "2023052713    0.737801    0.731369    0.737238    0.743745    0.756662   \n",
       "2023052714    0.751910    0.738042    0.736271    0.746596    0.734245   \n",
       "2023052715    0.738569    0.737033    0.746255    0.741725    0.739563   \n",
       "2023052716    0.728421    0.748779    0.731425    0.731086    0.737465   \n",
       "2023052717    0.745499    0.751157    0.749790    0.739104    0.749229   \n",
       "2023052718    0.731601    0.744924    0.753462    0.720996    0.756700   \n",
       "2023052719    0.746084    0.760415    0.742396    0.746040    0.760426   \n",
       "2023052720    0.748115    0.734374    0.757445    0.739392    0.740677   \n",
       "\n",
       "UID         2023052711  2023052712  2023052713  2023052714  2023052715  \\\n",
       "UID                                                                      \n",
       "2023052701    0.754998    0.749084    0.752360    0.741406    0.748805   \n",
       "2023052702    0.760490    0.746398    0.750243    0.744782    0.753651   \n",
       "2023052703    0.753261    0.748932    0.749107    0.732769    0.749393   \n",
       "2023052704    0.763323    0.761290    0.756613    0.744487    0.736253   \n",
       "2023052705    0.771416    0.756738    0.760085    0.736449    0.761082   \n",
       "2023052706    0.746669    0.735391    0.737801    0.751910    0.738569   \n",
       "2023052707    0.750415    0.735642    0.731369    0.738042    0.737033   \n",
       "2023052708    0.757214    0.736007    0.737238    0.736271    0.746255   \n",
       "2023052709    0.753367    0.732723    0.743745    0.746596    0.741725   \n",
       "2023052710    0.762754    0.710322    0.756662    0.734245    0.739563   \n",
       "2023052711    1.000000    0.764259    0.756240    0.748665    0.754732   \n",
       "2023052712    0.764259    1.000000    0.747816    0.739370    0.753750   \n",
       "2023052713    0.756240    0.747816    1.000000    0.740101    0.754070   \n",
       "2023052714    0.748665    0.739370    0.740101    1.000000    0.749635   \n",
       "2023052715    0.754732    0.753750    0.754070    0.749635    1.000000   \n",
       "2023052716    0.756889    0.745152    0.748305    0.738104    0.744450   \n",
       "2023052717    0.756349    0.741124    0.734941    0.742299    0.757494   \n",
       "2023052718    0.754595    0.742149    0.749749    0.738742    0.745112   \n",
       "2023052719    0.764040    0.753216    0.745310    0.754477    0.748932   \n",
       "2023052720    0.746084    0.744710    0.758787    0.751603    0.748142   \n",
       "\n",
       "UID         2023052716  2023052717  2023052718  2023052719  2023052720  \n",
       "UID                                                                     \n",
       "2023052701    0.752532    0.741792    0.756320    0.749026    0.765075  \n",
       "2023052702    0.741996    0.744315    0.733209    0.745987    0.755238  \n",
       "2023052703    0.749285    0.749101    0.742102    0.751831    0.737532  \n",
       "2023052704    0.760188    0.771123    0.746414    0.755655    0.765558  \n",
       "2023052705    0.740593    0.763927    0.752590    0.752890    0.755086  \n",
       "2023052706    0.728421    0.745499    0.731601    0.746084    0.748115  \n",
       "2023052707    0.748779    0.751157    0.744924    0.760415    0.734374  \n",
       "2023052708    0.731425    0.749790    0.753462    0.742396    0.757445  \n",
       "2023052709    0.731086    0.739104    0.720996    0.746040    0.739392  \n",
       "2023052710    0.737465    0.749229    0.756700    0.760426    0.740677  \n",
       "2023052711    0.756889    0.756349    0.754595    0.764040    0.746084  \n",
       "2023052712    0.745152    0.741124    0.742149    0.753216    0.744710  \n",
       "2023052713    0.748305    0.734941    0.749749    0.745310    0.758787  \n",
       "2023052714    0.738104    0.742299    0.738742    0.754477    0.751603  \n",
       "2023052715    0.744450    0.757494    0.745112    0.748932    0.748142  \n",
       "2023052716    1.000000    0.755889    0.739342    0.760534    0.749079  \n",
       "2023052717    0.755889    1.000000    0.756457    0.747598    0.748613  \n",
       "2023052718    0.739342    0.756457    1.000000    0.746971    0.750564  \n",
       "2023052719    0.760534    0.747598    0.746971    1.000000    0.757735  \n",
       "2023052720    0.749079    0.748613    0.750564    0.757735    1.000000  "
      ]
     },
     "execution_count": 7,
     "metadata": {},
     "output_type": "execute_result"
    }
   ],
   "source": [
    "from sklearn.metrics.pairwise import cosine_similarity\n",
    "matrix_dummy = rating_matrix.copy().fillna(0)\n",
    "user_similarity = cosine_similarity(matrix_dummy, matrix_dummy)\n",
    "user_similarity = pd.DataFrame(user_similarity, index=rating_matrix.index, columns=rating_matrix.index)\n",
    "user_similarity "
   ]
  },
  {
   "cell_type": "code",
   "execution_count": 8,
   "id": "71085e53",
   "metadata": {},
   "outputs": [
    {
     "data": {
      "text/html": [
       "<div>\n",
       "<style scoped>\n",
       "    .dataframe tbody tr th:only-of-type {\n",
       "        vertical-align: middle;\n",
       "    }\n",
       "\n",
       "    .dataframe tbody tr th {\n",
       "        vertical-align: top;\n",
       "    }\n",
       "\n",
       "    .dataframe thead th {\n",
       "        text-align: right;\n",
       "    }\n",
       "</style>\n",
       "<table border=\"1\" class=\"dataframe\">\n",
       "  <thead>\n",
       "    <tr style=\"text-align: right;\">\n",
       "      <th></th>\n",
       "      <th>0</th>\n",
       "      <th>1</th>\n",
       "      <th>2</th>\n",
       "      <th>3</th>\n",
       "      <th>4</th>\n",
       "      <th>5</th>\n",
       "      <th>6</th>\n",
       "      <th>7</th>\n",
       "      <th>8</th>\n",
       "      <th>9</th>\n",
       "      <th>...</th>\n",
       "      <th>796</th>\n",
       "      <th>797</th>\n",
       "      <th>798</th>\n",
       "      <th>799</th>\n",
       "      <th>800</th>\n",
       "      <th>801</th>\n",
       "      <th>802</th>\n",
       "      <th>803</th>\n",
       "      <th>804</th>\n",
       "      <th>805</th>\n",
       "    </tr>\n",
       "    <tr>\n",
       "      <th>UID</th>\n",
       "      <th></th>\n",
       "      <th></th>\n",
       "      <th></th>\n",
       "      <th></th>\n",
       "      <th></th>\n",
       "      <th></th>\n",
       "      <th></th>\n",
       "      <th></th>\n",
       "      <th></th>\n",
       "      <th></th>\n",
       "      <th></th>\n",
       "      <th></th>\n",
       "      <th></th>\n",
       "      <th></th>\n",
       "      <th></th>\n",
       "      <th></th>\n",
       "      <th></th>\n",
       "      <th></th>\n",
       "      <th></th>\n",
       "      <th></th>\n",
       "      <th></th>\n",
       "    </tr>\n",
       "  </thead>\n",
       "  <tbody>\n",
       "    <tr>\n",
       "      <th>2023052701</th>\n",
       "      <td>-1.741315</td>\n",
       "      <td>-1.741315</td>\n",
       "      <td>-0.741315</td>\n",
       "      <td>-1.741315</td>\n",
       "      <td>-0.241315</td>\n",
       "      <td>2.258685</td>\n",
       "      <td>1.758685</td>\n",
       "      <td>-1.241315</td>\n",
       "      <td>-2.241315</td>\n",
       "      <td>-0.241315</td>\n",
       "      <td>...</td>\n",
       "      <td>-0.741315</td>\n",
       "      <td>2.258685</td>\n",
       "      <td>-0.241315</td>\n",
       "      <td>-1.241315</td>\n",
       "      <td>1.258685</td>\n",
       "      <td>1.758685</td>\n",
       "      <td>0.758685</td>\n",
       "      <td>1.758685</td>\n",
       "      <td>-1.241315</td>\n",
       "      <td>1.758685</td>\n",
       "    </tr>\n",
       "    <tr>\n",
       "      <th>2023052702</th>\n",
       "      <td>1.242556</td>\n",
       "      <td>-2.757444</td>\n",
       "      <td>-2.757444</td>\n",
       "      <td>0.242556</td>\n",
       "      <td>-2.757444</td>\n",
       "      <td>-2.257444</td>\n",
       "      <td>2.242556</td>\n",
       "      <td>1.742556</td>\n",
       "      <td>-2.257444</td>\n",
       "      <td>1.742556</td>\n",
       "      <td>...</td>\n",
       "      <td>-2.757444</td>\n",
       "      <td>-0.257444</td>\n",
       "      <td>0.242556</td>\n",
       "      <td>-0.257444</td>\n",
       "      <td>1.242556</td>\n",
       "      <td>0.742556</td>\n",
